1248
1249
1250
1251
1252
1253
1254
1255
1256
1257
1258
1259
1260
1261
1262
1263
1264
1231
1232
1233
1234
1235
1236
1238
1237
1239
1240
1241
1242
1243
1244
1245
1246
1247
1214
1215
1216
1217
1218
1219
1220
1221
1222
1223
1224
1225
1226
1227
1228
1229
1230
1213
1198
1199
1200
1201
1202
1203
1204
1205
1206
1207
1208
1209
1210
1211
1212
1183
1182
1184
1185
1186
1187
1188
1189
1190
1191
1192
1193
1194
1195
1196
1197
1166
1167
1168
1169
1170
1171
1172
1173
1174
1175
1176
1177
1178
1179
1180
1181
1150
1151
1152
1153
1154
1155
1156
1157
1158
1159
1160
1161
1162
1163
1164
1165
1135
1136
1137
1138
1139
1140
1141
1142
1143
1144
1145
1146
1147
1148
1149
1120
1121
1122
1123
1124
1125
1126
1127
1128
1129
1130
1131
1132
1133
1134
1105
1106
1107
1108
1109
1110
1111
1112
1113
1114
1115
1116
1117
1118
1119
1090
1091
1092
1093
1094
1095
1096
1097
1098
1099
1100
1101
1102
1103
1104
1074
1075
1076
1077
1078
1079
1080
1081
1082
1083
1084
1085
1086
1087
1088
1089
1058
1059
1060
1061
1062
1063
1064
1065
1066
1067
1068
1069
1070
1071
1072
1073
1042
1043
1044
1045
1046
1047
1048
1049
1050
1051
1052
1053
1054
1055
1056
1057
1028
1029
1030
1031
1032
1033
1034
1035
1036
1037
1038
1039
1040
1041
1014
1015
1016
1017
1018
1019
1020
1021
1022
1023
1024
1025
1026
1027
1000
1001
1002
1003
1004
1005
1006
1007
1008
1009
1010
1011
1012
1013
985
986
987
988
989
990
991
992
993
994
995
996
997
998
999
1248
1249
1250
1251
1252
1253
1254
1255
1256
1257
1258
1259
1260
1261
1262
1263
1264
1231
1232
1233
1234
1235
1236
1238
1237
1239
1240
1241
1242
1243
1244
1245
1246
1247
1214
1215
1216
1217
1218
1219
1220
1221
1222
1223
1224
1225
1226
1227
1228
1229
1230
1213
1198
1199
1200
1201
1202
1203
1204
1205
1206
1207
1208
1209
1210
1211
1212
1183
1182
1184
1185
1186
1187
1188
1189
1190
1191
1192
1193
1194
1195
1196
1197
1166
1167
1168
1169
1170
1171
1172
1173
1174
1175
1176
1177
1178
1179
1180
1181
1150
1151
1152
1153
1154
1155
1156
1157
1158
1159
1160
1161
1162
1163
1164
1165
1135
1136
1137
1138
1139
1140
1141
1142
1143
1144
1145
1146
1147
1148
1149
1120
1121
1122
1123
1124
1125
1126
1127
1128
1129
1130
1131
1132
1133
1134
1105
1106
1107
1108
1109
1110
1111
1112
1113
1114
1115
1116
1117
1118
1119
1090
1091
1092
1093
1094
1095
1096
1097
1098
1099
1100
1101
1102
1103
1104
1074
1075
1076
1077
1078
1079
1080
1081
1082
1083
1084
1085
1086
1087
1088
1089
1058
1059
1060
1061
1062
1063
1064
1065
1066
1067
1068
1069
1070
1071
1072
1073
1042
1043
1044
1045
1046
1047
1048
1049
1050
1051
1052
1053
1054
1055
1056
1057
1028
1029
1030
1031
1032
1033
1034
1035
1036
1037
1038
1039
1040
1041
1014
1015
1016
1017
1018
1019
1020
1021
1022
1023
1024
1025
1026
1027
1000
1001
1002
1003
1004
1005
1006
1007
1008
1009
1010
1011
1012
1013
985
986
987
988
989
990
991
992
993
994
995
996
997
998
999
970
971
972
973
974
975
976
977
978
979
980
981
982
983
984
955
956
957
958
959
960
961
962
963
964
965
966
967
968
969
941
942
943
944
945
946
947
948
949
950
951
952
953
954
926
927
928
929
930
931
932
933
934
935
936
937
938
939
940
912
913
914
915
916
917
918
919
920
921
922
923
924
925
898
899
900
901
902
903
904
905
906
907
908
909
910
911
885
886
887
888
889
890
891
892
893
894
895
896
897
871
872
873
874
875
876
877
878
879
880
881
882
883
884
856
857
858
859
860
861
862
863
864
865
867
868
869
870
842
843
844
845
846
847
848
849
850
851
852
853
854
855
828
829
830
831
832
833
834
835
836
837
838
839
840
841
815
814
816
817
818
819
820
821
822
823
824
825
826
827
801
802
803
804
806
805
807
808
809
810
811
812
813
788
789
790
791
792
793
794
795
796
797
798
799
800
771
772
773
776
777
778
779
780
781
782
783
784
785
786
787
756
757
758
759
760
761
762
763
764
765
766
767
768
769
770
742
743
744
745
746
747
748
749
750
751
752
753
754
755
726
727
728
729
730
731
732
733
734
735
736
737
738
739
740
741
711
712
713
714
715
716
717
718
719
720
721
722
724
725
699
698
700
701
702
703
704
705
706
707
708
709
710
688
689
690
691
692
693
694
695
696
697
676
677
678
679
680
681
682
683
684
685
686
687
666
667
668
669
670
671
672
673
674
675
656
657
658
659
660
661
662
663
664
665
655
645
646
647
648
649
650
651
652
653
654
634
635
636
637
638
639
640
641
642
643
644
623
624
625
626
627
628
629
630
631
632
633
612
613
614
615
616
617
618
619
620
621
622
611
602
603
604
605
606
607
608
609
610
591
592
593
594
595
596
597
598
599
600
601
581
582
583
584
585
586
587
588
589
590
570
571
572
573
574
575
576
577
578
579
580
559
560
561
562
563
564
565
566
567
568
569
549
550
551
552
553
554
555
556
557
558
537
538
539
540
541
542
543
544
545
546
547
548
527
528
529
530
531
532
533
534
535
536
517
518
519
520
521
522
523
524
525
526
506
507
508
509
510
511
512
513
514
515
516
497
498
499
500
501
502
503
504
505
487
488
489
490
491
492
493
494
495
496
419
420
423
424
425
427
428
429
430
426
431
411
414
415
412
413
416
417
418
421
422
400
401
402
403
404
405
406
407
408
409
410
392
393
394
395
396
397
398
399
79
383
384
385
386
387
389
390
388
391
76
373
374
375
376
377
378
379
380
381
382
72
364
365
368
366
367
369
371
372
370
453
348
342
359
357
358
360
361
362
363
59
331
335
338
339
343
344
345
340
341
58
321
322
325
332
333
334
336
328
337
330
315
316
318
317
320
319
323
324
326
329
327
50
305
306
307
308
309
310
311
312
313
314
297
292
296
298
299
300
301
302
303
304
46
283
286
290
288
289
293
291
294
295
280
278
281
45
284
285
282
279
287
276
264
271
269
272
273
274
277
42
253
259
260
261
262
263
265
266
268
256
242
244
245
250
251
252
254
257
258
255
440
240
243
235
236
246
249
247
248
241
239
228
229
230
233
234
237
238
231
232
227
211
221
222
214
220
223
224
225
217
226
219
209
204
205
208
210
212
213
215
216
218
471
201
200
202
207
199
206
197
203
198
38
184
187
188
189
190
191
194
195
192
196
193
460
171
179
172
180
177
178
181
182
183
185
186
164
161
165
166
168
169
167
170
173
174
175
176
475
153
154
155
156
157
159
158
160
162
163
146
142
143
144
147
148
145
149
150
151
152
37
130
131
132
134
135
136
133
137
138
139
140
141
29
121
122
123
125
124
128
126
436
127
129
115
110
113
486
111
112
116
117
119
120
118
114
25
100
474
101
102
104
105
106
103
107
108
109
482
99
466
479
478
483
484
485
98
480
481
21
456
468
469
458
472
473
476
477
459
465
94
457
461
467
451
462
463
464
452
455
20
16
433
86
443
444
445
447
446
448
449
450
454
442
432
96
84
97
434
435
437
438
439
441
90
12
95
85
87
88
89
91
92
93
8
70
71
73
74
75
77
78
80
81
82
83
68
48
49
57
60
64
61
62
69
65
66
67
3
40
41
4
43
44
47
51
52
53
55
54
56
33
11
26
24
30
31
32
34
35
27
36
28
39
19
9
10
6
7
13
17
22
14
23
18
15
